11	123676065	123677109	OR6M1
7	127233857	127234103	FSCN3
7	127234498	127234678	FSCN3
7	127234784	127234895	FSCN3
7	127235310	127236109	FSCN3
7	127236331	127236552	FSCN3
7	127238438	127238700	FSCN3
7	127239384	127239657	FSCN3
7	127240197	127240505	FSCN3
1	143767303	143767900	PPIAL4G
1	57320524	57320703	C8A
1	57333231	57333427	C8A
1	57340571	57340818	C8A
1	57341684	57341934	C8A
1	57347067	57347359	C8A
1	57349103	57349406	C8A
1	57351549	57351892	C8A
1	57372289	57372517	C8A
1	57373578	57373838	C8A
1	57378025	57378350	C8A
1	57383187	57383441	C8A
19	33470851	33471214	RHPN2
19	33481369	33481627	RHPN2
19	33482678	33482927	RHPN2
19	33484832	33485011	RHPN2
19	33486881	33487178	RHPN2
19	33490441	33490663	RHPN2
19	33493102	33493361	RHPN2
19	33493668	33493958	RHPN2
19	33498869	33499138	RHPN2
19	33502534	33502761	RHPN2
19	33503502	33503682	RHPN2
19	33512426	33512604	RHPN2
19	33517359	33517590	RHPN2
19	33535104	33535322	RHPN2
19	33555639	33555810	RHPN2
19	10071036	10071618	COL5A3
19	10073444	10073615	COL5A3
19	10076939	10077154	COL5A3
19	10077161	10077474	COL5A3
19	10077972	10078128	COL5A3
19	10078529	10078807	COL5A3
19	10079010	10079220	COL5A3
19	10079300	10079456	COL5A3
19	10079974	10080130	COL5A3
19	10080200	10080410	COL5A3
19	10080494	10080650	COL5A3
19	10081247	10081403	COL5A3
19	10081600	10081756	COL5A3
19	10081830	10081986	COL5A3
19	10083544	10083754	COL5A3
19	10084195	10084351	COL5A3
19	10084381	10084537	COL5A3
19	10084544	10084700	COL5A3
19	10084796	10085136	COL5A3
19	10087183	10087339	COL5A3
19	10087854	10088200	COL5A3
19	10088219	10088429	COL5A3
19	10089199	10089355	COL5A3
19	10089516	10089708	COL5A3
19	10089757	10089967	COL5A3
19	10089989	10090145	COL5A3
19	10090464	10090775	COL5A3
19	10091273	10091420	COL5A3
19	10091431	10091587	COL5A3
19	10091713	10091860	COL5A3
19	10092690	10092846	COL5A3
19	10096467	10096623	COL5A3
19	10096940	10097150	COL5A3
19	10097178	10097334	COL5A3
19	10097339	10097486	COL5A3
19	10099749	10099905	COL5A3
19	10099947	10100250	COL5A3
19	10102235	10102382	COL5A3
19	10102413	10102569	COL5A3
19	10102629	10102776	COL5A3
19	10103452	10103608	COL5A3
19	10103648	10103795	COL5A3
19	10104005	10104161	COL5A3
19	10104244	10104534	COL5A3
19	10106189	10106345	COL5A3
19	10106691	10106990	COL5A3
19	10107058	10107417	COL5A3
19	10107996	10108161	COL5A3
19	10108609	10108877	COL5A3
19	10112149	10112609	COL5A3
19	10114190	10114442	COL5A3
19	10114666	10114873	COL5A3
19	10116183	10116959	COL5A3
19	10120923	10121113	COL5A3
11	94113264	94113991	GPR83
11	94126600	94126836	GPR83
11	94129514	94129742	GPR83
11	94133976	94134465	GPR83
10	111860361	111860658	ADD3
10	111872484	111872725	ADD3
10	111875966	111876220	ADD3
10	111877049	111877232	ADD3
10	111878294	111878546	ADD3
10	111878918	111879164	ADD3
10	111879173	111879374	ADD3
10	111881817	111882102	ADD3
10	111883724	111884084	ADD3
10	111885533	111885755	ADD3
10	111886124	111886313	ADD3
10	111890070	111890296	ADD3
10	111892012	111892210	ADD3
10	111893033	111893428	ADD3
10	5435429	5436474	TUBAL3
10	5437235	5437490	TUBAL3
10	5442756	5443102	TUBAL3
10	5446702	5446807	TUBAL3
18	18963430	18963686	GREB1L
18	18964117	18964414	GREB1L
18	18975296	18975572	GREB1L
18	18981061	18981337	GREB1L
18	18983783	18984005	GREB1L
18	19014858	19015086	GREB1L
18	19019432	19019648	GREB1L
18	19020180	19020399	GREB1L
18	19021311	19021548	GREB1L
18	19024135	19024420	GREB1L
18	19029421	19029847	GREB1L
18	19030934	19031162	GREB1L
18	19031994	19032287	GREB1L
18	19034277	19034648	GREB1L
18	19048637	19048798	GREB1L
18	19052942	19053222	GREB1L
18	19057075	19057367	GREB1L
18	19065531	19065764	GREB1L
18	19069923	19070362	GREB1L
18	19075581	19075796	GREB1L
18	19076365	19076709	GREB1L
18	19079640	19080317	GREB1L
18	19080451	19080653	GREB1L
18	19085323	19085578	GREB1L
18	19085721	19085960	GREB1L
18	19088029	19088290	GREB1L
18	19088298	19088670	GREB1L
18	19093732	19093997	GREB1L
18	19095328	19095655	GREB1L
18	19096524	19096765	GREB1L
18	19097945	19098245	GREB1L
18	19100599	19100834	GREB1L
18	19102569	19102832	GREB1L
6	11714660	11714797	ADTRP
6	11717488	11717697	ADTRP
6	11723531	11723785	ADTRP
6	11735750	11735968	ADTRP
6	11766456	11766660	ADTRP
6	11768431	11768668	ADTRP
6	11778789	11779044	ADTRP
2	242674589	242674983	D2HGDH
2	242680397	242680557	D2HGDH
2	242681798	242682041	D2HGDH
2	242682986	242683282	D2HGDH
2	242684073	242684344	D2HGDH
2	242688192	242688454	D2HGDH
2	242688664	242688792	D2HGDH
2	242689515	242689761	D2HGDH
2	242690610	242690855	D2HGDH
2	242694381	242695481	D2HGDH
2	242707074	242707436	D2HGDH
4	17812650	17812863	NCAPG
4	17813793	17814099	NCAPG
4	17814489	17814820	NCAPG
4	17816425	17816673	NCAPG
4	17816846	17817033	NCAPG
4	17818833	17819128	NCAPG
4	17819511	17819763	NCAPG
4	17824555	17824798	NCAPG
4	17825219	17825445	NCAPG
4	17826540	17826732	NCAPG
4	17826954	17827240	NCAPG
4	17829850	17830063	NCAPG
4	17832569	17832791	NCAPG
4	17835871	17836198	NCAPG
4	17838731	17839015	NCAPG
4	17839199	17839476	NCAPG
4	17841248	17841512	NCAPG
4	17841643	17841884	NCAPG
4	17842179	17842368	NCAPG
4	17843882	17844054	NCAPG
4	17844874	17845100	NCAPG
8	57349451	57349685	PENK
8	57353780	57354548	PENK
8	57356427	57356628	PENK
8	57358184	57358564	PENK
15	31293974	31295325	TRPM1
15	31318291	31318526	TRPM1
15	31319067	31319372	TRPM1
15	31320484	31320731	TRPM1
15	31321523	31321646	TRPM1
15	31323135	31323412	TRPM1
15	31324841	31325195	TRPM1
15	31327698	31327929	TRPM1
15	31329863	31330097	TRPM1
15	31330196	31330421	TRPM1
15	31332270	31332601	TRPM1
15	31334103	31334498	TRPM1
15	31338356	31338488	TRPM1
15	31339263	31339506	TRPM1
15	31340041	31340194	TRPM1
15	31341527	31341764	TRPM1
15	31342561	31342837	TRPM1
15	31352696	31352899	TRPM1
15	31353594	31353769	TRPM1
15	31354731	31354957	TRPM1
15	31355270	31355547	TRPM1
15	31358228	31358502	TRPM1
15	31359215	31359442	TRPM1
15	31360031	31360347	TRPM1
15	31361986	31362481	TRPM1
15	31369057	31369237	TRPM1
7	91742928	91743209	CYP51A1
7	91746307	91746578	CYP51A1
7	91747783	91747981	CYP51A1
7	91752383	91752681	CYP51A1
7	91752997	91753219	CYP51A1
7	91755516	91755793	CYP51A1
7	91756768	91756997	CYP51A1
7	91758143	91758422	CYP51A1
7	91761037	91761276	CYP51A1
7	91763436	91763730	CYP51A1
7	91771727	91771850	CYP51A1
